P01_01_0 60 0 0
P01_01_1 240 1 1
P01_01_2 120 2 2
P01_01_3 60 3 3
P01_01_4 539 4 4
P01_01_5 240 5 5
P01_01_6 60 6 6
P01_01_7 300 7 7
P01_01_8 60 0 8
P01_01_9 120 8 9
P01_01_10 239 9 10
P01_01_11 60 10 11
P01_01_12 120 11 9
P01_01_13 180 9 12
P01_01_14 60 12 13
P01_01_15 120 13 14
P01_01_16 360 14 15
P01_01_17 119 15 16
P01_01_18 180 16 17
P01_01_19 60 17 18
P01_01_20 120 18 3
P01_01_21 240 4 19
P01_01_22 120 19 20
P01_01_23 120 20 21
P01_01_24 59 21 5
P01_01_25 60 6 
P01_02_0 120 0 0
P01_02_1 300 1 1
P01_02_2 180 2 2
P01_02_3 60 3 3
P01_02_4 180 4 4
P01_02_5 239 5 5
P01_02_6 60 6 6
P01_02_7 180 7 7
P01_02_8 60 0 8
P01_02_9 180 8 9
P01_02_10 60 9 10
P01_02_11 60 10 11
P01_02_12 120 11 9
P01_02_13 120 9 12
P01_02_14 59 12 13
P01_02_15 60 13 10
P01_02_16 60 10 14
P01_02_17 240 14 15
P01_02_18 120 15 16
P01_02_19 240 16 17
P01_02_20 60 17 18
P01_02_21 120 18 20
P01_02_22 119 20 21
P01_02_23 60 21 5
P01_02_24 60 6 
P01_03_0 180 0 0
P01_03_1 420 1 1
P01_03_2 240 2 2
P01_03_3 60 3 3
P01_03_4 179 4 4
P01_03_5 240 5 5
P01_03_6 60 6 6
P01_03_7 240 7 8
P01_03_8 120 8 9
P01_03_9 120 9 11
P01_03_10 179 11 12
P01_03_11 60 12 13
P01_03_12 60 13 10
P01_03_13 60 10 14
P01_03_14 240 14 15
P01_03_15 120 15 16
P01_03_16 120 16 17
P01_03_17 60 17 18
P01_03_18 120 18 20
P01_03_19 120 20 21
P01_03_20 59 21 5
P01_03_21 59 6 
P01_05_0 120 0 0
P01_05_1 240 1 1
P01_05_2 240 2 2
P01_05_3 60 3 3
P01_05_4 120 4 4
P01_05_5 359 5 5
P01_05_6 120 6 6
P01_05_7 240 7 8
P01_05_8 120 8 9
P01_05_9 60 9 10
P01_05_10 60 10 11
P01_05_11 239 11 9
P01_05_12 240 9 12
P01_05_13 60 12 13
P01_05_14 60 13 10
P01_05_15 60 10 14
P01_05_16 300 14 15
P01_05_17 120 15 16
P01_05_18 659 16 17
P01_05_19 60 17 18
P01_05_20 60 18 20
P01_05_21 60 20 21
P01_05_22 60 21 5
P01_05_23 60 6 
P01_06_0 120 0 0
P01_06_1 240 1 1
P01_06_2 60 2 2
P01_06_3 60 3 6
P01_06_4 180 7 8
P01_06_5 120 8 9
P01_06_6 60 9 10
P01_06_7 59 10 11
P01_06_8 60 11 9
P01_06_9 180 9 12
P01_06_10 60 12 13
P01_06_11 60 13 10
P01_06_12 60 10 14
P01_06_13 180 14 15
P01_06_14 120 15 16
P01_06_15 120 16 17
P01_06_16 60 17 18
P01_06_17 239 18 20
P01_06_18 120 20 21
P01_06_19 60 21 5
P01_06_20 60 6 
P01_08_0 180 0 0
P01_08_1 240 1 1
P01_08_2 120 2 2
P01_08_3 120 3 3
P01_08_4 120 4 4
P01_08_5 299 5 5
P01_08_6 60 6 6
P01_08_7 240 7 8
P01_08_8 60 8 9
P01_08_9 120 9 11
P01_08_10 240 11 12
P01_08_11 60 12 13
P01_08_12 60 13 10
P01_08_13 60 10 14
P01_08_14 239 14 15
P01_08_15 120 15 16
P01_08_16 60 16 17
P01_08_17 60 17 18
P01_08_18 60 18 20
P01_08_19 120 20 21
P01_08_20 60 21 5
P01_08_21 60 6 
P01_10_0 120 0 0
P01_10_1 180 1 1
P01_10_2 180 2 2
P01_10_3 60 3 3
P01_10_4 180 4 4
P01_10_5 299 5 5
P01_10_6 60 6 6
P01_10_7 240 7 8
P01_10_8 240 8 9
P01_10_9 180 9 11
P01_10_10 239 11 12
P01_10_11 60 12 13
P01_10_12 60 13 14
P01_10_13 60 14 10
P01_10_14 180 10 15
P01_10_15 120 15 16
P01_10_16 300 16 17
P01_10_17 60 17 18
P01_10_18 180 18 20
P01_10_19 59 20 21
P01_10_20 60 21 5
P01_10_21 60 6 
P01_11_0 120 0 0
P01_11_1 300 1 1
P01_11_2 180 2 2
P01_11_3 60 3 3
P01_11_4 120 4 4
P01_11_5 299 5 5
P01_11_6 60 6 6
P01_11_7 300 7 8
P01_11_8 120 8 9
P01_11_9 180 9 11
P01_11_10 299 11 12
P01_11_11 60 12 13
P01_11_12 120 13 14
P01_11_13 60 14 10
P01_11_14 180 10 15
P01_11_15 60 15 16
P01_11_16 240 16 17
P01_11_17 60 17 18
P01_11_18 120 18 20
P01_11_19 59 20 21
P01_11_20 60 21 5
P01_11_21 60 6 
P01_12_0 60 0 0
P01_12_1 240 1 1
P01_12_2 180 2 2
P01_12_3 300 3 3
P01_12_4 120 4 4
P01_12_5 239 5 5
P01_12_6 60 6 6
P01_12_7 180 7 8
P01_12_8 120 8 9
P01_12_9 120 9 11
P01_12_10 120 11 12
P01_12_11 60 12 22
P01_12_12 120 22 23
P01_12_13 60 23 10
P01_12_14 239 10 15
P01_12_15 60 15 24
P01_12_16 240 24 16
P01_12_17 60 16 25
P01_12_18 60 25 26
P01_12_19 120 26 20
P01_12_20 180 20 21
P01_12_21 60 21 5
P01_12_22 60 6 
P01_13_0 240 0 0
P01_13_1 120 1 1
P01_13_2 180 2 2
P01_13_3 60 3 3
P01_13_4 120 4 4
P01_13_5 299 5 5
P01_13_6 60 6 6
P01_13_7 300 7 8
P01_13_8 60 8 9
P01_13_9 180 9 11
P01_13_10 180 11 12
P01_13_11 60 12 22
P01_13_12 60 22 23
P01_13_13 60 23 10
P01_13_14 119 10 15
P01_13_15 120 15 24
P01_13_16 120 24 16
P01_13_17 180 16 25
P01_13_18 60 25 26
P01_13_19 60 26 20
P01_13_20 60 20 21
P01_13_21 60 21 5
P01_13_22 60 6 
P01_14_0 60 0 0
P01_14_1 300 1 1
P01_14_2 180 2 2
P01_14_3 120 3 3
P01_14_4 180 4 4
P01_14_5 119 5 5
P01_14_6 60 6 6
P01_14_7 180 7 8
P01_14_8 120 8 9
P01_14_9 120 9 11
P01_14_10 240 11 12
P01_14_11 60 12 22
P01_14_12 60 22 23
P01_14_13 60 23 10
P01_14_14 179 10 15
P01_14_15 60 15 24
P01_14_16 120 24 16
P01_14_17 180 16 25
P01_14_18 60 25 26
P01_14_19 60 26 20
P01_14_20 60 20 21
P01_14_21 60 21 5
P01_14_22 60 6 
P01_15_0 120 0 0
P01_15_1 180 1 1
P01_15_2 60 2 2
P01_15_3 60 3 3
P01_15_4 120 4 4
P01_15_5 240 5 5
P01_15_6 60 6 6
P01_15_7 299 7 8
P01_15_8 120 8 9
P01_15_9 120 9 11
P01_15_10 180 11 12
P01_15_11 60 12 22
P01_15_12 60 22 23
P01_15_13 60 23 10
P01_15_14 60 10 15
P01_15_15 60 15 24
P01_15_16 239 24 16
P01_15_17 60 16 25
P01_15_18 60 25 26
P01_15_19 120 26 20
P01_15_20 60 20 21
P01_15_21 60 21 5
P01_15_22 60 6 
P01_17_0 120 0 0
P01_17_1 360 1 1
P01_17_2 180 2 2
P01_17_3 60 3 3
P01_17_4 180 4 4
P01_17_5 299 5 5
P01_17_6 60 6 6
P01_17_7 180 7 8
P01_17_8 120 8 9
P01_17_9 120 9 11
P01_17_10 180 11 12
P01_17_11 60 12 22
P01_17_12 119 22 23
P01_17_13 60 23 10
P01_17_14 180 10 15
P01_17_15 60 15 24
P01_17_16 120 24 16
P01_17_17 60 16 25
P01_17_18 60 25 26
P01_17_19 60 26 20
P01_17_20 120 20 21
P01_17_21 60 21 5
P01_17_22 60 6 
P01_18_0 120 0 0
P01_18_1 180 1 1
P01_18_2 180 2 2
P01_18_3 60 3 3
P01_18_4 120 4 4
P01_18_5 240 5 5
P01_18_6 60 6 6
P01_18_7 359 7 8
P01_18_8 60 8 9
P01_18_9 120 9 11
P01_18_10 240 11 12
P01_18_11 60 12 22
P01_18_12 120 22 23
P01_18_13 60 23 10
P01_18_14 119 10 15
P01_18_15 120 15 24
P01_18_16 180 24 16
P01_18_17 120 16 25
P01_18_18 60 25 26
P01_18_19 60 26 20
P01_18_20 60 20 21
P01_18_21 60 21 5
P01_18_22 60 6 
P01_19_0 120 0 0
P01_19_1 300 1 1
P01_19_2 120 2 2
P01_19_3 60 3 3
P01_19_4 300 4 4
P01_19_5 179 5 5
P01_19_6 120 6 6
P01_19_7 240 7 8
P01_19_8 180 8 9
P01_19_9 60 9 11
P01_19_10 180 11 12
P01_19_11 60 12 22
P01_19_12 119 22 23
P01_19_13 60 23 10
P01_19_14 120 10 15
P01_19_15 120 15 24
P01_19_16 120 24 16
P01_19_17 120 16 25
P01_19_18 60 25 26
P01_19_19 60 26 20
P01_19_20 60 20 21
P01_19_21 60 21 5
P01_19_22 60 6 
P01_20_0 60 0 0
P01_20_1 300 1 1
P01_20_2 180 2 2
P01_20_3 120 3 3
P01_20_4 180 4 4
P01_20_5 239 5 5
P01_20_6 120 6 6
P01_20_7 300 7 8
P01_20_8 60 8 9
P01_20_9 60 9 11
P01_20_10 240 11 12
P01_20_11 59 12 22
P01_20_12 59 22 
P01_21_0 60 0 0
P01_21_1 240 1 1
P01_21_2 120 2 2
P01_21_3 60 3 3
P01_21_4 180 4 4
P01_21_5 180 5 5
P01_21_6 60 6 6
P01_21_7 239 7 8
P01_21_8 60 8 9
P01_21_9 60 9 11
P01_21_10 240 11 12
P01_21_11 60 12 22
P01_21_12 60 22 23
P01_21_13 60 23 10
P01_21_14 60 10 15
P01_21_15 60 15 24
P01_21_16 180 24 16
P01_21_17 59 16 25
P01_21_18 60 25 26
P01_21_19 60 26 20
P01_21_20 60 20 21
P01_21_21 60 21 5
P01_21_22 60 6 
P01_22_0 60 0 0
P01_22_1 300 1 1
P01_22_2 120 2 2
P01_22_3 120 3 3
P01_22_4 120 4 4
P01_22_5 239 5 5
P01_22_6 60 6 6
P01_22_7 300 7 8
P01_22_8 180 8 9
P01_22_9 120 9 11
P01_22_10 180 11 12
P01_22_11 60 12 22
P01_22_12 120 22 23
P01_22_13 59 23 10
P01_22_14 119 10 15
P01_22_15 120 15 24
P01_22_16 120 24 16
P01_22_17 120 16 20
P01_22_18 60 20 21
P01_22_19 60 21 5
P01_22_20 60 6 25
P01_22_21 60 25 26
P01_22_22 60 26 
P01_23_0 120 0 0
P01_23_1 180 1 1
P01_23_2 240 2 2
P01_23_3 60 3 3
P01_23_4 240 4 4
P01_23_5 239 5 5
P01_23_6 60 6 6
P01_23_7 300 7 8
P01_23_8 120 8 9
P01_23_9 120 9 11
P01_23_10 180 11 12
P01_23_11 60 12 22
P01_23_12 119 22 23
P01_23_13 60 23 10
P01_23_14 180 10 15
P01_23_15 120 15 24
P01_23_16 180 24 16
P01_23_17 120 16 25
P01_23_18 60 25 26
P01_23_19 60 26 20
P01_23_20 60 20 21
P01_23_21 60 21 5
P01_23_22 60 6 
P01_25_0 180 0 0
P01_25_1 240 1 1
P01_25_2 180 2 2
P01_25_3 60 3 3
P01_25_4 120 4 4
P01_25_5 239 5 5
P01_25_6 60 6 6
P01_25_7 240 7 8
P01_25_8 120 8 9
P01_25_9 120 9 11
P01_25_10 180 11 12
P01_25_11 60 12 22
P01_25_12 60 22 23
P01_25_13 59 23 10
P01_25_14 119 10 15
P01_25_15 60 15 24
P01_25_16 240 24 16
P01_25_17 180 16 20
P01_25_18 60 20 21
P01_25_19 60 21 5
P01_25_20 60 6 25
P01_25_21 120 25 26
P01_25_22 60 26 
P01_26_0 180 0 0
P01_26_1 240 1 1
P01_26_2 120 2 2
P01_26_3 60 3 3
P01_26_4 180 4 4
P01_26_5 299 5 5
P01_26_6 60 6 6
P01_26_7 240 7 8
P01_26_8 120 8 9
P01_26_9 60 9 11
P01_26_10 180 11 12
P01_26_11 60 12 22
P01_26_12 60 22 23
P01_26_13 119 23 10
P01_26_14 60 10 15
P01_26_15 120 15 24
P01_26_16 120 24 16
P01_26_17 120 16 20
P01_26_18 60 20 21
P01_26_19 60 21 5
P01_26_20 60 6 25
P01_26_21 60 25 26
P01_26_22 60 26 
P01_27_0 60 0 0
P01_27_1 240 1 1
P01_27_2 180 2 2
P01_27_3 60 3 3
P01_27_4 180 4 4
P01_27_5 479 5 5
P01_27_6 60 6 6
P01_27_7 240 7 8
P01_27_8 120 8 9
P01_27_9 60 9 11
P01_27_10 180 11 12
P01_27_11 59 12 22
P01_27_12 120 22 23
P01_27_13 60 23 10
P01_27_14 60 10 15
P01_27_15 60 15 24
P01_27_16 120 24 16
P01_27_17 120 16 20
P01_27_18 60 20 21
P01_27_19 60 21 5
P01_27_20 60 6 25
P01_27_21 60 25 26
P01_27_22 60 26 
P01_28_0 60 0 0
P01_28_1 480 1 1
P01_28_2 180 2 2
P01_28_3 60 3 3
P01_28_4 180 4 4
P01_28_5 239 5 5
P01_28_6 60 6 6
P01_28_7 180 7 8
P01_28_8 120 8 9
P01_28_9 60 9 11
P01_28_10 120 11 12
P01_28_11 60 12 22
P01_28_12 60 22 23
P01_28_13 60 23 10
P01_28_14 60 10 15
P01_28_15 179 15 24
P01_28_16 120 24 16
P01_28_17 120 16 20
P01_28_18 60 20 21
P01_28_19 60 21 5
P01_28_20 60 6 25
P01_28_21 120 25 26
P01_28_22 60 26 
P01_29_0 120 0 0
P01_29_1 420 1 1
P01_29_2 120 2 2
P01_29_3 60 3 3
P01_29_4 179 4 4
P01_29_5 240 5 5
P01_29_6 60 6 6
P01_29_7 180 7 8
P01_29_8 120 8 9
P01_29_9 120 9 11
P01_29_10 120 11 12
P01_29_11 60 12 22
P01_29_12 119 22 23
P01_29_13 60 23 10
P01_29_14 60 10 15
P01_29_15 120 15 24
P01_29_16 120 24 16
P01_29_17 120 16 20
P01_29_18 120 20 21
P01_29_19 60 21 5
P01_29_20 60 6 25
P01_29_21 60 25 26
P01_29_22 60 26 
P01_31_0 250 0 0
P01_31_1 100 1 1
P01_31_2 150 2 2
P01_31_3 50 3 3
P01_31_4 50 4 27
P01_31_5 50 27 28
P01_31_6 100 28 29
P01_31_7 100 29 4
P01_31_8 200 5 5
P01_31_9 200 6 30
P01_31_10 200 30 31
P01_31_11 200 31 31
P01_31_12 300 31 6
P01_31_13 150 7 7
P01_31_14 300 0 8
P01_31_15 1000 8 8
P01_31_16 250 8 8
P01_31_17 200 8 8
P01_31_18 650 8 8
P01_31_19 550 8 12
P01_31_20 50 12 13
P01_31_21 100 13 15
P01_31_22 400 15 14
P01_31_23 550 14 16
P01_31_24 250 16 32
P01_31_25 150 32 16
P01_31_26 700 16 17
P01_31_27 300 17 18
P01_31_28 50 18 3
P01_31_29 150 4 19
P01_31_30 150 19 20
P01_31_31 100 20 21
P01_31_32 50 21 5
P01_31_33 50 6 33
P01_31_34 250 33 34
P01_31_35 200 34 35
P01_31_36 100 35 36
P01_31_37 100 36 37
P01_31_38 100 37 37
P01_31_39 150 37 38
P01_31_40 50 38 39
P01_31_41 50 39 40
P01_31_42 150 40 41
P01_31_43 300 41 42
P01_31_44 250 42 41
P01_31_45 200 41 43
P01_31_46 50 43 42
P01_31_47 200 42 42
P01_31_48 250 42 
P01_32_0 150 0 0
P01_32_1 50 1 1
P01_32_2 150 2 2
P01_32_3 50 3 6
P01_32_4 150 7 44
P01_32_5 50 44 45
P01_32_6 50 45 7
P01_32_7 400 0 8
P01_32_8 500 8 44
P01_32_9 50 44 46
P01_32_10 150 46 47
P01_32_11 100 47 15
P01_32_12 50 15 9
P01_32_13 50 9 48
P01_32_14 50 48 45
P01_32_15 150 45 16
P01_32_16 100 16 10
P01_32_17 50 10 
P01_41_0 50 7 7
P01_41_1 100 0 8
P01_41_2 50 8 12
P01_41_3 50 12 6
P01_41_4 100 7 11
P01_41_5 150 11 12
P01_41_6 100 12 15
P01_41_7 100 15 16
P01_41_8 350 16 34
P01_41_9 100 34 35
P01_41_10 50 35 3
P01_41_11 200 4 19
P01_41_12 50 19 20
P01_41_13 100 20 21
P01_41_14 50 21 5
P01_41_15 50 6 
P01_42_0 50 7 7
P01_42_1 200 0 7
P01_42_2 50 0 8
P01_42_3 250 8 11
P01_42_4 250 11 49
P01_42_5 100 49 12
P01_42_6 50 12 13
P01_42_7 150 13 7
P01_42_8 100 0 14
P01_42_9 50 14 7
P01_42_10 100 0 14
P01_42_11 150 14 15
P01_42_12 200 15 16
P01_42_13 300 16 32
P01_42_14 50 32 16
P01_42_15 250 16 17
P01_42_16 150 17 18
P01_42_17 100 18 34
P01_42_18 50 34 35
P01_42_19 250 35 3
P01_42_20 200 4 19
P01_42_21 50 19 20
P01_42_22 100 20 21
P01_42_23 50 21 5
P01_42_24 300 6 43
P01_42_25 600 43 
P01_43_0 350 0 6
P01_43_1 250 7 8
P01_43_2 500 8 11
P01_43_3 200 11 13
P01_43_4 200 13 14
P01_43_5 400 14 12
P01_43_6 150 12 15
P01_43_7 250 15 16
P01_43_8 750 16 32
P01_43_9 500 32 16
P01_43_10 550 16 32
P01_43_11 50 32 50
P01_43_12 200 50 6
P01_43_13 400 7 8
P01_43_14 600 8 12
P01_43_15 50 12 15
P01_43_16 100 15 16
P01_43_17 550 16 17
P01_43_18 200 17 18
P01_43_19 50 18 3
P01_43_20 300 4 19
P01_43_21 200 19 20
P01_43_22 350 20 21
P01_43_23 100 21 5
P01_43_24 200 6 34
P01_43_25 150 34 35
P01_43_26 200 35 33
P01_43_27 300 33 36
P01_43_28 450 36 43
P01_43_29 1000 43 
P02_02_0 250 0 8
P02_02_1 250 8 12
P02_02_2 50 12 44
P02_02_3 100 44 7
P02_02_4 50 0 46
P02_02_5 200 46 47
P02_02_6 50 47 48
P02_02_7 50 48 9
P02_02_8 100 9 15
P02_02_9 150 15 51
P02_02_10 100 51 9
P02_02_11 50 9 52
P02_02_12 50 52 10
P02_02_13 50 10 53
P02_02_14 50 53 48
P02_02_15 50 48 54
P02_02_16 150 54 45
P02_02_17 50 45 55
P02_02_18 250 55 56
P02_02_19 150 56 57
P02_02_20 150 57 58
P02_02_21 50 58 
P02_03_0 50 0 6
P02_03_1 200 7 8
P02_03_2 200 8 12
P02_03_3 50 12 44
P02_03_4 150 44 46
P02_03_5 150 46 47
P02_03_6 100 47 48
P02_03_7 100 48 9
P02_03_8 150 9 59
P02_03_9 300 59 15
P02_03_10 150 15 16
P02_03_11 200 16 10
P02_03_12 50 10 54
P02_03_13 200 54 55
P02_03_14 200 55 56
P02_03_15 100 56 57
P02_03_16 50 57 58
P02_03_17 50 58 
P02_05_0 150 0 6
P02_05_1 300 7 8
P02_05_2 200 8 12
P02_05_3 50 12 44
P02_05_4 150 44 46
P02_05_5 50 46 47
P02_05_6 200 47 48
P02_05_7 50 48 15
P02_05_8 100 15 51
P02_05_9 50 51 9
P02_05_10 50 9 52
P02_05_11 250 52 53
P02_05_12 50 53 48
P02_05_13 100 48 10
P02_05_14 50 10 54
P02_05_15 150 54 55
P02_05_16 200 55 56
P02_05_17 150 56 57
P02_05_18 150 57 58
P02_05_19 50 58 
P02_06_0 100 0 6
P02_06_1 100 7 7
P02_06_2 250 0 8
P02_06_3 450 8 8
P02_06_4 200 8 9
P02_06_5 50 9 10
P02_06_6 50 10 8
P02_06_7 250 8 9
P02_06_8 50 9 10
P02_06_9 100 10 12
P02_06_10 50 12 44
P02_06_11 100 44 46
P02_06_12 50 46 47
P02_06_13 150 47 9
P02_06_14 100 9 59
P02_06_15 50 59 48
P02_06_16 100 48 15
P02_06_17 200 15 51
P02_06_18 100 51 52
P02_06_19 100 52 53
P02_06_20 50 53 48
P02_06_21 50 48 54
P02_06_22 200 54 45
P02_06_23 50 45 55
P02_06_24 250 55 56
P02_06_25 200 56 57
P02_06_26 100 57 58
P02_06_27 50 58 
P02_07_0 100 1 7
P02_07_1 400 0 1
P02_07_2 150 2 2
P02_07_3 100 3 27
P02_07_4 50 27 3
P02_07_5 50 4 60
P02_07_6 50 60 28
P02_07_7 550 28 29
P02_07_8 100 29 4
P02_07_9 150 5 4
P02_07_10 800 5 44
P02_07_11 100 44 15
P02_07_12 100 15 51
P02_07_13 800 51 6
P02_07_14 300 7 8
P02_07_15 400 8 61
P02_07_16 250 61 53
P02_07_17 100 53 50
P02_07_18 150 50 46
P02_07_19 100 46 47
P02_07_20 200 47 47
P02_07_21 100 47 48
P02_07_22 100 48 51
P02_07_23 200 51 52
P02_07_24 550 52 53
P02_07_25 50 53 48
P02_07_26 50 48 45
P02_07_27 300 45 40
P02_07_28 550 40 62
P02_07_29 50 62 6
P02_07_30 150 7 63
P02_07_31 200 63 12
P02_07_32 100 12 40
P02_07_33 50 40 64
P02_07_34 100 64 43
P02_07_35 250 43 
P02_08_0 200 0 6
P02_08_1 450 7 8
P02_08_2 150 8 12
P02_08_3 100 12 44
P02_08_4 100 44 9
P02_08_5 50 9 59
P02_08_6 50 59 10
P02_08_7 50 10 46
P02_08_8 50 46 47
P02_08_9 150 47 48
P02_08_10 50 48 9
P02_08_11 50 9 59
P02_08_12 150 59 10
P02_08_13 100 10 15
P02_08_14 150 15 51
P02_08_15 200 51 52
P02_08_16 150 52 53
P02_08_17 50 53 48
P02_08_18 50 48 54
P02_08_19 150 54 45
P02_08_20 50 45 55
P02_08_21 200 55 56
P02_08_22 500 56 57
P02_08_23 100 57 58
P02_08_24 50 58 
P02_11_0 50 0 6
P02_11_1 450 7 8
P02_11_2 600 8 12
P02_11_3 100 12 44
P02_11_4 250 44 46
P02_11_5 250 46 47
P02_11_6 150 47 48
P02_11_7 50 48 45
P02_11_8 50 45 9
P02_11_9 100 9 59
P02_11_10 150 59 15
P02_11_11 100 15 16
P02_11_12 50 16 54
P02_11_13 250 54 10
P02_11_14 50 10 55
P02_11_15 200 55 56
P02_11_16 100 56 57
P02_11_17 100 57 58
P02_11_18 100 58 
P02_12_0 150 0 6
P02_12_1 250 7 8
P02_12_2 250 8 12
P02_12_3 50 12 44
P02_12_4 250 44 46
P02_12_5 300 46 47
P02_12_6 200 47 48
P02_12_7 50 48 9
P02_12_8 50 9 59
P02_12_9 400 59 45
P02_12_10 50 45 15
P02_12_11 100 15 16
P02_12_12 400 16 10
P02_12_13 450 10 54
P02_12_14 350 54 55
P02_12_15 100 55 56
P02_12_16 150 56 57
P02_12_17 50 57 58
P02_12_18 50 58 
P02_13_0 50 0 6
P02_13_1 500 7 8
P02_13_2 250 8 12
P02_13_3 50 12 44
P02_13_4 100 44 46
P02_13_5 250 46 47
P02_13_6 100 47 48
P02_13_7 100 48 45
P02_13_8 50 45 9
P02_13_9 100 9 59
P02_13_10 100 59 15
P02_13_11 100 15 44
P02_13_12 200 44 51
P02_13_13 150 51 52
P02_13_14 350 52 53
P02_13_15 50 53 48
P02_13_16 50 48 45
P02_13_17 100 45 54
P02_13_18 100 54 55
P02_13_19 150 55 56
P02_13_20 200 56 57
P02_13_21 100 57 58
P02_13_22 150 58 
P02_15_0 150 0 6
P02_15_1 350 7 8
P02_15_2 200 8 12
P02_15_3 50 12 44
P02_15_4 100 44 9
P02_15_5 150 9 46
P02_15_6 300 46 47
P02_15_7 150 47 48
P02_15_8 50 48 45
P02_15_9 50 45 9
P02_15_10 250 9 10
P02_15_11 50 10 15
P02_15_12 100 15 44
P02_15_13 100 44 51
P02_15_14 150 51 52
P02_15_15 150 52 53
P02_15_16 50 53 48
P02_15_17 50 48 45
P02_15_18 50 45 9
P02_15_19 150 9 10
P02_15_20 100 10 54
P02_15_21 500 54 55
P02_15_22 150 55 56
P02_15_23 200 56 57
P02_15_24 50 57 58
P02_15_25 150 58 
P02_18_0 200 7 7
P02_18_1 250 0 8
P02_18_2 300 8 12
P02_18_3 50 12 44
P02_18_4 100 44 44
P02_18_5 50 44 46
P02_18_6 200 46 47
P02_18_7 150 47 48
P02_18_8 100 48 45
P02_18_9 200 45 15
P02_18_10 100 15 9
P02_18_11 150 9 16
P02_18_12 350 16 54
P02_18_13 50 54 10
P02_18_14 450 10 55
P02_18_15 50 55 56
P02_18_16 150 56 57
P02_18_17 50 57 58
P02_18_18 100 58 
P02_19_0 200 0 6
P02_19_1 200 7 8
P02_19_2 250 8 12
P02_19_3 50 12 9
P02_19_4 50 9 59
P02_19_5 50 59 10
P02_19_6 50 10 9
P02_19_7 50 9 59
P02_19_8 50 59 10
P02_19_9 50 10 44
P02_19_10 250 44 46
P02_19_11 200 46 47
P02_19_12 100 47 48
P02_19_13 100 48 45
P02_19_14 50 45 15
P02_19_15 200 15 44
P02_19_16 250 44 51
P02_19_17 100 51 9
P02_19_18 50 9 52
P02_19_19 100 52 10
P02_19_20 100 10 16
P02_19_21 100 16 48
P02_19_22 100 48 54
P02_19_23 450 54 55
P02_19_24 250 55 56
P02_19_25 100 56 57
P02_19_26 50 57 58
P02_19_27 100 58 
P02_20_0 800 0 6
P02_20_1 200 7 7
P02_20_2 400 0 8
P02_20_3 650 8 8
P02_20_4 400 8 9
P02_20_5 50 9 59
P02_20_6 150 59 10
P02_20_7 100 10 12
P02_20_8 50 12 44
P02_20_9 100 44 46
P02_20_10 300 46 47
P02_20_11 100 47 48
P02_20_12 100 48 45
P02_20_13 50 45 9
P02_20_14 100 9 59
P02_20_15 100 59 10
P02_20_16 200 10 15
P02_20_17 150 15 44
P02_20_18 200 44 51
P02_20_19 100 51 9
P02_20_20 50 9 10
P02_20_21 100 10 52
P02_20_22 250 52 53
P02_20_23 50 53 48
P02_20_24 150 48 54
P02_20_25 200 54 55
P02_20_26 750 55 56
P02_20_27 1400 56 57
P02_20_28 250 57 58
P02_20_29 100 58 
P02_21_0 150 0 6
P02_21_1 150 7 7
P02_21_2 450 0 8
P02_21_3 450 8 12
P02_21_4 150 12 9
P02_21_5 50 9 59
P02_21_6 50 59 10
P02_21_7 50 10 9
P02_21_8 50 9 59
P02_21_9 50 59 10
P02_21_10 100 10 44
P02_21_11 150 44 46
P02_21_12 150 46 47
P02_21_13 50 47 48
P02_21_14 50 48 45
P02_21_15 50 45 9
P02_21_16 50 9 59
P02_21_17 100 59 10
P02_21_18 50 10 15
P02_21_19 200 15 44
P02_21_20 200 44 51
P02_21_21 200 51 52
P02_21_22 250 52 53
P02_21_23 100 53 48
P02_21_24 50 48 45
P02_21_25 100 45 54
P02_21_26 100 54 55
P02_21_27 200 55 56
P02_21_28 250 56 57
P02_21_29 300 57 58
P02_21_30 50 58 
P02_22_0 200 0 6
P02_22_1 150 7 7
P02_22_2 100 0 8
P02_22_3 1450 8 12
P02_22_4 50 12 9
P02_22_5 50 9 59
P02_22_6 250 59 10
P02_22_7 50 10 15
P02_22_8 300 15 44
P02_22_9 450 44 51
P02_22_10 50 51 9
P02_22_11 50 9 10
P02_22_12 50 10 52
P02_22_13 150 52 48
P02_22_14 50 48 54
P02_22_15 100 54 45
P02_22_16 350 45 55
P02_22_17 100 55 56
P02_22_18 200 56 57
P02_22_19 150 57 58
P02_22_20 50 58 
P02_25_0 100 0 7
P02_25_1 200 0 6
P02_25_2 250 7 8
P02_25_3 700 8 12
P02_25_4 50 12 44
P02_25_5 50 44 46
P02_25_6 250 46 47
P02_25_7 50 47 48
P02_25_8 50 48 45
P02_25_9 50 45 9
P02_25_10 200 9 59
P02_25_11 200 59 44
P02_25_12 50 44 46
P02_25_13 150 46 47
P02_25_14 50 47 45
P02_25_15 50 45 9
P02_25_16 50 9 59
P02_25_17 100 59 10
P02_25_18 50 10 9
P02_25_19 100 9 59
P02_25_20 450 59 10
P02_25_21 200 10 15
P02_25_22 50 15 44
P02_25_23 150 44 51
P02_25_24 100 51 9
P02_25_25 150 9 10
P02_25_26 50 10 52
P02_25_27 50 52 48
P02_25_28 50 48 54
P02_25_29 350 54 55
P02_25_30 150 55 56
P02_25_31 150 56 57
P02_25_32 200 57 58
P02_25_33 50 58 
P02_30_0 300 0 7
P02_30_1 300 0 7
P02_30_2 500 0 0
P02_30_3 100 1 1
P02_30_4 250 2 1
P02_30_5 150 2 2
P02_30_6 50 3 30
P02_30_7 500 30 31
P02_30_8 250 31 3
P02_30_9 50 4 27
P02_30_10 100 27 28
P02_30_11 150 28 29
P02_30_12 150 29 4
P02_30_13 850 5 5
P02_30_14 50 6 6
P02_30_15 250 7 7
P02_30_16 450 0 8
P02_30_17 600 8 12
P02_30_18 100 12 44
P02_30_19 300 44 46
P02_30_20 100 46 47
P02_30_21 1400 47 48
P02_30_22 100 48 9
P02_30_23 250 9 46
P02_30_24 250 46 45
P02_30_25 50 45 44
P02_30_26 100 44 46
P02_30_27 450 46 47
P02_30_28 250 47 48
P02_30_29 50 48 9
P02_30_30 400 9 10
P02_30_31 50 10 46
P02_30_32 900 46 47
P02_30_33 200 47 48
P02_30_34 50 48 9
P02_30_35 300 9 10
P02_30_36 50 10 46
P02_30_37 600 46 47
P02_30_38 50 47 48
P02_30_39 50 48 9
P02_30_40 50 9 59
P02_30_41 600 59 10
P02_30_42 100 10 15
P02_30_43 100 15 51
P02_30_44 200 51 52
P02_30_45 350 52 53
P02_30_46 200 53 54
P02_30_47 250 54 48
P02_30_48 50 48 54
P02_30_49 100 54 45
P02_30_50 50 45 65
P02_30_51 50 65 66
P02_30_52 250 66 40
P02_30_53 900 40 6
P02_30_54 250 7 63
P02_30_55 50 63 12
P02_30_56 100 12 64
P02_30_57 50 64 62
P02_30_58 300 62 6
P02_30_59 300 7 67
P02_30_60 350 67 68
P02_30_61 550 68 40
P02_30_62 450 40 6
P02_30_63 150 7 63
P02_30_64 50 63 64
P02_30_65 300 64 67
P02_30_66 300 67 68
P02_30_67 450 68 69
P02_30_68 300 69 70
P02_30_69 450 70 
P02_38_0 100 8 12
P02_38_1 200 12 44
P02_38_2 200 44 46
P02_38_3 100 46 47
P02_38_4 100 47 9
P02_38_5 50 9 48
P02_38_6 100 48 45
P02_38_7 100 45 51
P02_38_8 150 51 52
P02_38_9 50 52 10
P02_38_10 50 10 54
P02_38_11 100 54 53
P02_38_12 50 53 48
P02_38_13 50 48 54
P02_38_14 200 54 45
P02_38_15 50 45 
P02_39_0 200 71 6
P02_39_1 250 7 71
P02_39_2 300 71 8
P02_39_3 250 8 12
P02_39_4 100 12 44
P02_39_5 150 44 46
P02_39_6 550 46 48
P02_39_7 50 48 45
P02_39_8 150 45 44
P02_39_9 50 44 46
P02_39_10 250 46 47
P02_39_11 200 47 48
P02_39_12 50 48 45
P02_39_13 100 45 9
P02_39_14 1000 9 10
P02_39_15 150 10 44
P02_39_16 100 44 46
P02_39_17 350 46 48
P02_39_18 50 48 45
P02_39_19 100 45 9
P02_39_20 500 9 59
P02_39_21 100 59 10
P02_39_22 50 10 44
P02_39_23 50 44 15
P02_39_24 200 15 51
P02_39_25 400 51 52
P02_39_26 1250 52 53
P02_39_27 50 53 54
P02_39_28 200 54 45
P02_39_29 50 45 54
P02_39_30 150 54 
P02_41_0 150 0 6
P02_41_1 450 7 8
P02_41_2 850 8 12
P02_41_3 50 12 44
P02_41_4 50 44 46
P02_41_5 200 46 47
P02_41_6 250 47 48
P02_41_7 50 48 9
P02_41_8 250 9 59
P02_41_9 250 59 15
P02_41_10 100 15 16
P02_41_11 200 16 54
P02_41_12 150 54 10
P02_41_13 200 10 55
P02_41_14 50 55 56
P02_41_15 100 56 57
P02_41_16 50 57 58
P02_41_17 50 58 
P02_42_0 100 0 6
P02_42_1 500 7 8
P02_42_2 400 8 12
P02_42_3 50 12 44
P02_42_4 150 44 46
P02_42_5 350 46 48
P02_42_6 100 48 6
P02_42_7 350 7 8
P02_42_8 250 8 12
P02_42_9 50 12 44
P02_42_10 50 44 46
P02_42_11 650 46 47
P02_42_12 150 47 48
P02_42_13 250 48 46
P02_42_14 350 46 47
P02_42_15 200 47 9
P02_42_16 50 9 48
P02_42_17 1350 48 46
P02_42_18 300 46 47
P02_42_19 150 47 9
P02_42_20 550 9 59
P02_42_21 850 59 10
P02_42_22 600 10 9
P02_42_23 600 9 59
P02_42_24 500 59 15
P02_42_25 600 15 44
P02_42_26 100 44 51
P02_42_27 150 51 52
P02_42_28 100 52 10
P02_42_29 200 10 53
P02_42_30 50 53 48
P02_42_31 150 48 54
P02_42_32 350 54 55
P02_42_33 100 55 56
P02_42_34 150 56 57
P02_42_35 250 57 58
P02_42_36 50 58 
P02_43_0 250 7 8
P02_43_1 350 8 12
P02_43_2 50 12 44
P02_43_3 100 44 46
P02_43_4 400 46 47
P02_43_5 100 47 48
P02_43_6 50 48 45
P02_43_7 200 45 9
P02_43_8 250 9 44
P02_43_9 100 44 46
P02_43_10 200 46 10
P02_43_11 100 10 47
P02_43_12 50 47 48
P02_43_13 50 48 45
P02_43_14 50 45 9
P02_43_15 550 9 59
P02_43_16 50 59 15
P02_43_17 200 15 44
P02_43_18 150 44 51
P02_43_19 150 51 10
P02_43_20 50 10 52
P02_43_21 100 52 53
P02_43_22 50 53 48
P02_43_23 50 48 45
P02_43_24 50 45 54
P02_43_25 750 54 55
P02_43_26 150 55 56
P02_43_27 200 56 57
P02_43_28 100 57 58
P02_43_29 50 58 
P02_44_0 150 0 6
P02_44_1 300 7 8
P02_44_2 200 8 12
P02_44_3 50 12 7
P02_44_4 50 0 44
P02_44_5 150 44 46
P02_44_6 250 46 47
P02_44_7 100 47 48
P02_44_8 50 48 45
P02_44_9 50 45 9
P02_44_10 100 9 59
P02_44_11 50 59 10
P02_44_12 50 10 15
P02_44_13 50 15 44
P02_44_14 250 44 51
P02_44_15 50 51 9
P02_44_16 100 9 10
P02_44_17 50 10 52
P02_44_18 100 52 53
P02_44_19 50 53 48
P02_44_20 50 48 45
P02_44_21 400 45 54
P02_44_22 600 54 55
P02_44_23 250 55 56
P02_44_24 100 56 57
P02_44_25 100 57 58
P02_44_26 50 58 
P02_45_0 100 0 6
P02_45_1 450 7 8
P02_45_2 750 8 12
P02_45_3 200 12 6
P02_45_4 200 7 8
P02_45_5 550 8 12
P02_45_6 50 12 44
P02_45_7 50 44 46
P02_45_8 200 46 48
P02_45_9 100 48 9
P02_45_10 100 9 46
P02_45_11 50 46 48
P02_45_12 250 48 47
P02_45_13 200 47 48
P02_45_14 50 48 45
P02_45_15 100 45 9
P02_45_16 50 9 59
P02_45_17 250 59 10
P02_45_18 50 10 6
P02_45_19 300 7 8
P02_45_20 500 8 12
P02_45_21 50 12 9
P02_45_22 150 9 59
P02_45_23 1500 59 10
P02_45_24 200 10 44
P02_45_25 50 44 15
P02_45_26 150 15 51
P02_45_27 150 51 52
P02_45_28 150 52 53
P02_45_29 50 53 48
P02_45_30 50 48 45
P02_45_31 100 45 54
P02_45_32 250 54 55
P02_45_33 100 55 56
P02_45_34 100 56 57
P02_45_35 100 57 58
P02_45_36 50 58 
P02_46_0 200 0 6
P02_46_1 200 7 8
P02_46_2 200 8 9
P02_46_3 100 9 10
P02_46_4 50 10 8
P02_46_5 50 8 9
P02_46_6 50 9 59
P02_46_7 50 59 10
P02_46_8 100 10 12
P02_46_9 50 12 44
P02_46_10 150 44 46
P02_46_11 50 46 47
P02_46_12 250 47 48
P02_46_13 50 48 9
P02_46_14 50 9 59
P02_46_15 200 59 15
P02_46_16 100 15 51
P02_46_17 100 51 52
P02_46_18 100 52 53
P02_46_19 50 53 48
P02_46_20 50 48 54
P02_46_21 50 54 45
P02_46_22 150 45 55
P02_46_23 250 55 56
P02_46_24 200 56 57
P02_46_25 200 57 58
P02_46_26 50 58 
P02_47_0 250 0 6
P02_47_1 400 7 8
P02_47_2 250 8 12
P02_47_3 50 12 44
P02_47_4 150 44 46
P02_47_5 250 46 47
P02_47_6 50 47 48
P02_47_7 50 48 45
P02_47_8 50 45 15
P02_47_9 50 15 44
P02_47_10 150 44 51
P02_47_11 150 51 52
P02_47_12 200 52 53
P02_47_13 50 53 48
P02_47_14 100 48 45
P02_47_15 100 45 54
P02_47_16 300 54 55
P02_47_17 450 55 56
P02_47_18 350 56 57
P02_47_19 100 57 58
P02_47_20 50 58 
P02_48_0 100 0 6
P02_48_1 100 7 7
P02_48_2 250 0 8
P02_48_3 400 8 9
P02_48_4 50 9 8
P02_48_5 200 8 9
P02_48_6 50 9 10
P02_48_7 50 10 8
P02_48_8 250 8 9
P02_48_9 50 9 59
P02_48_10 50 59 10
P02_48_11 50 10 12
P02_48_12 100 12 44
P02_48_13 100 44 46
P02_48_14 50 46 47
P02_48_15 100 47 48
P02_48_16 50 48 9
P02_48_17 50 9 59
P02_48_18 150 59 10
P02_48_19 50 10 45
P02_48_20 50 45 15
P02_48_21 200 15 51
P02_48_22 100 51 52
P02_48_23 100 52 53
P02_48_24 50 53 48
P02_48_25 50 48 54
P02_48_26 200 54 45
P02_48_27 50 45 55
P02_48_28 250 55 56
P02_48_29 200 56 57
P02_48_30 100 57 58
P02_48_31 50 58 
P03_01_0 120 72 72
P03_01_1 60 73 1
P03_01_2 180 2 73
P03_01_3 60 74 3
P03_01_4 60 4 74
P03_01_5 60 75 75
P03_01_6 180 76 76
P03_01_7 119 77 77
P03_01_8 120 78 78
P03_01_9 60 79 79
P03_01_10 60 80 80
P03_01_11 120 81 81
P03_01_12 180 82 7
P03_01_13 120 0 82
P03_01_14 60 83 83
P03_01_15 180 84 84
P03_01_16 60 85 85
P03_01_17 179 86 86
P03_01_18 60 87 87
P03_01_19 60 88 75
P03_01_20 60 76 76
P03_01_21 120 77 3
P03_01_22 60 4 88
P03_01_23 60 89 
P03_02_0 60 72 72
P03_02_1 180 73 1
P03_02_2 240 2 73
P03_02_3 60 74 75
P03_02_4 60 76 3
P03_02_5 120 4 76
P03_02_6 119 77 77
P03_02_7 120 78 78
P03_02_8 60 79 80
P03_02_9 60 81 79
P03_02_10 120 80 81
P03_02_11 60 82 7
P03_02_12 120 0 82
P03_02_13 60 83 83
P03_02_14 120 84 84
P03_02_15 60 85 85
P03_02_16 180 86 86
P03_02_17 60 87 87
P03_02_18 59 88 75
P03_02_19 119 76 76
P03_02_20 120 77 3
P03_02_21 60 4 88
P03_02_22 60 89 
P03_03_0 60 72 72
P03_03_1 180 73 1
P03_03_2 120 2 73
P03_03_3 60 74 89
P03_03_4 120 90 76
P03_03_5 120 77 77
P03_03_6 60 78 78
P03_03_7 60 79 80
P03_03_8 60 81 79
P03_03_9 179 80 81
P03_03_10 60 82 7
P03_03_11 120 0 82
P03_03_12 120 83 83
P03_03_13 180 84 84
P03_03_14 60 85 85
P03_03_15 180 86 86
P03_03_16 60 87 87
P03_03_17 60 88 75
P03_03_18 120 76 76
P03_03_19 59 77 3
P03_03_20 120 4 88
P03_03_21 60 89 
P03_05_0 60 72 72
P03_05_1 120 73 1
P03_05_2 180 2 73
P03_05_3 120 74 79
P03_05_4 120 80 80
P03_05_5 120 81 81
P03_05_6 60 82 7
P03_05_7 179 0 82
P03_05_8 60 83 83
P03_05_9 120 84 84
P03_05_10 60 85 85
P03_05_11 180 86 86
P03_05_12 60 87 87
P03_05_13 60 88 3
P03_05_14 60 4 75
P03_05_15 120 76 76
P03_05_16 120 77 77
P03_05_17 60 78 76
P03_05_18 59 77 3
P03_05_19 120 4 88
P03_05_20 60 89 90
P03_05_21 60 91 
P03_06_0 60 72 72
P03_06_1 60 73 1
P03_06_2 180 2 73
P03_06_3 60 74 80
P03_06_4 60 81 79
P03_06_5 120 80 81
P03_06_6 60 82 7
P03_06_7 120 0 82
P03_06_8 60 83 83
P03_06_9 179 84 84
P03_06_10 60 85 85
P03_06_11 180 86 86
P03_06_12 60 87 87
P03_06_13 60 88 3
P03_06_14 60 4 75
P03_06_15 60 76 76
P03_06_16 120 77 77
P03_06_17 60 78 76
P03_06_18 60 77 3
P03_06_19 120 4 88
P03_06_20 120 89 90
P03_06_21 59 91 
P03_08_0 120 72 72
P03_08_1 60 73 1
P03_08_2 240 2 73
P03_08_3 60 74 79
P03_08_4 60 80 80
P03_08_5 60 81 81
P03_08_6 60 82 82
P03_08_7 119 83 83
P03_08_8 120 84 84
P03_08_9 60 85 85
P03_08_10 240 86 86
P03_08_11 60 87 87
P03_08_12 60 88 3
P03_08_13 60 4 75
P03_08_14 60 76 76
P03_08_15 120 77 77
P03_08_16 120 78 76
P03_08_17 60 77 3
P03_08_18 60 4 88
P03_08_19 179 89 90
P03_08_20 60 91 
P03_10_0 60 72 72
P03_10_1 60 73 1
P03_10_2 240 2 73
P03_10_3 120 74 80
P03_10_4 60 81 79
P03_10_5 60 80 81
P03_10_6 120 82 7
P03_10_7 60 0 82
P03_10_8 119 83 83
P03_10_9 120 84 84
P03_10_10 60 85 85
P03_10_11 120 86 86
P03_10_12 60 87 87
P03_10_13 60 88 3
P03_10_14 60 4 75
P03_10_15 60 76 76
P03_10_16 60 77 77
P03_10_17 180 78 76
P03_10_18 60 77 3
P03_10_19 60 4 88
P03_10_20 120 89 78
P03_10_21 60 79 
P03_11_0 120 72 72
P03_11_1 120 73 1
P03_11_2 180 2 73
P03_11_3 60 74 80
P03_11_4 60 81 79
P03_11_5 60 80 81
P03_11_6 60 82 82
P03_11_7 120 83 83
P03_11_8 119 84 84
P03_11_9 60 85 85
P03_11_10 120 86 86
P03_11_11 60 87 87
P03_11_12 60 88 3
P03_11_13 60 4 75
P03_11_14 60 76 76
P03_11_15 60 77 77
P03_11_16 180 78 76
P03_11_17 60 77 3
P03_11_18 60 4 88
P03_11_19 120 89 78
P03_11_20 60 79 
P03_12_0 60 72 72
P03_12_1 60 73 1
P03_12_2 240 2 73
P03_12_3 120 74 80
P03_12_4 60 81 79
P03_12_5 180 80 81
P03_12_6 120 82 82
P03_12_7 60 83 83
P03_12_8 179 84 84
P03_12_9 60 85 85
P03_12_10 120 86 86
P03_12_11 120 87 87
P03_12_12 60 88 3
P03_12_13 60 4 75
P03_12_14 120 76 76
P03_12_15 300 77 77
P03_12_16 179 78 76
P03_12_17 60 77 3
P03_12_18 60 4 88
P03_12_19 60 89 78
P03_12_20 60 79 
P03_13_0 120 72 72
P03_13_1 120 73 1
P03_13_2 180 2 73
P03_13_3 60 74 80
P03_13_4 60 81 79
P03_13_5 60 80 81
P03_13_6 180 82 82
P03_13_7 60 83 83
P03_13_8 59 84 84
P03_13_9 120 85 85
P03_13_10 180 86 86
P03_13_11 60 87 87
P03_13_12 60 88 3
P03_13_13 60 4 75
P03_13_14 60 76 76
P03_13_15 120 77 77
P03_13_16 180 78 76
P03_13_17 60 77 3
P03_13_18 60 4 88
P03_13_19 119 89 78
P03_13_20 60 79 
P03_14_0 60 72 72
P03_14_1 120 73 1
P03_14_2 240 2 73
P03_14_3 60 74 80
P03_14_4 60 81 79
P03_14_5 60 80 81
P03_14_6 120 82 82
P03_14_7 60 83 83
P03_14_8 179 84 84
P03_14_9 60 85 85
P03_14_10 120 86 86
P03_14_11 60 87 87
P03_14_12 60 88 3
P03_14_13 60 4 74
P03_14_14 60 75 75
P03_14_15 60 76 76
P03_14_16 120 77 77
P03_14_17 180 78 76
P03_14_18 120 77 3
P03_14_19 119 4 88
P03_14_20 60 89 78
P03_14_21 60 79 
P03_15_0 180 72 72
P03_15_1 120 73 1
P03_15_2 180 2 73
P03_15_3 60 74 80
P03_15_4 60 81 79
P03_15_5 120 80 81
P03_15_6 59 82 82
P03_15_7 120 83 83
P03_15_8 120 84 84
P03_15_9 60 85 85
P03_15_10 180 86 86
P03_15_11 60 87 87
P03_15_12 60 88 3
P03_15_13 60 4 75
P03_15_14 120 76 76
P03_15_15 120 77 77
P03_15_16 180 78 76
P03_15_17 59 77 3
P03_15_18 60 4 88
P03_15_19 60 89 78
P03_15_20 60 79 
P03_17_0 120 72 72
P03_17_1 120 73 1
P03_17_2 180 2 73
P03_17_3 60 74 80
P03_17_4 60 81 79
P03_17_5 120 80 81
P03_17_6 179 82 82
P03_17_7 60 83 83
P03_17_8 180 84 84
P03_17_9 60 85 85
P03_17_10 180 86 86
P03_17_11 60 87 87
P03_17_12 60 88 3
P03_17_13 60 4 75
P03_17_14 120 76 76
P03_17_15 60 77 77
P03_17_16 180 78 76
P03_17_17 119 77 3
P03_17_18 120 4 88
P03_17_19 60 89 78
P03_17_20 60 79 
P03_18_0 120 72 72
P03_18_1 60 73 1
P03_18_2 240 2 73
P03_18_3 60 74 80
P03_18_4 60 81 79
P03_18_5 60 80 81
P03_18_6 180 82 82
P03_18_7 60 83 83
P03_18_8 179 84 84
P03_18_9 60 85 85
P03_18_10 120 86 86
P03_18_11 60 87 87
P03_18_12 60 88 3
P03_18_13 60 4 75
P03_18_14 120 76 76
P03_18_15 60 77 77
P03_18_16 180 78 76
P03_18_17 60 77 3
P03_18_18 120 4 88
P03_18_19 60 89 78
P03_18_20 60 79 
P03_19_0 120 72 72
P03_19_1 180 73 1
P03_19_2 240 2 73
P03_19_3 60 74 80
P03_19_4 60 81 79
P03_19_5 120 80 81
P03_19_6 119 82 82
P03_19_7 60 83 83
P03_19_8 120 84 84
P03_19_9 60 85 85
P03_19_10 180 86 86
P03_19_11 60 87 87
P03_19_12 60 88 3
P03_19_13 60 4 75
P03_19_14 120 76 76
P03_19_15 60 77 77
P03_19_16 180 78 76
P03_19_17 59 77 3
P03_19_18 60 4 88
P03_19_19 60 89 78
P03_19_20 60 79 
P03_20_0 60 72 72
P03_20_1 60 73 1
P03_20_2 180 2 73
P03_20_3 60 74 3
P03_20_4 60 4 75
P03_20_5 180 76 74
P03_20_6 60 75 60
P03_20_7 120 60 76
P03_20_8 60 77 77
P03_20_9 119 78 78
P03_20_10 60 79 79
P03_20_11 60 80 80
P03_20_12 60 81 81
P03_20_13 120 82 82
P03_20_14 60 83 83
P03_20_15 120 84 84
P03_20_16 60 85 85
P03_20_17 120 86 86
P03_20_18 60 87 87
P03_20_19 60 88 89
P03_20_20 60 90 76
P03_20_21 120 77 3
P03_20_22 60 4 88
P03_20_23 60 89 78
P03_20_24 59 79 
P03_21_0 60 72 72
P03_21_1 120 73 1
P03_21_2 120 2 73
P03_21_3 120 74 3
P03_21_4 60 4 75
P03_21_5 120 76 76
P03_21_6 60 77 77
P03_21_7 60 78 78
P03_21_8 60 79 80
P03_21_9 59 81 79
P03_21_10 119 80 81
P03_21_11 120 82 82
P03_21_12 60 83 83
P03_21_13 120 84 84
P03_21_14 60 85 85
P03_21_15 120 86 86
P03_21_16 60 87 87
P03_21_17 60 88 89
P03_21_18 120 90 76
P03_21_19 60 77 3
P03_21_20 120 4 88
P03_21_21 60 89 78
P03_21_22 60 79 
P03_22_0 60 72 72
P03_22_1 60 73 1
P03_22_2 240 2 73
P03_22_3 60 74 80
P03_22_4 60 81 79
P03_22_5 60 80 81
P03_22_6 180 82 82
P03_22_7 60 83 83
P03_22_8 179 84 84
P03_22_9 60 85 85
P03_22_10 180 86 86
P03_22_11 60 87 87
P03_22_12 60 88 3
P03_22_13 60 4 75
P03_22_14 60 76 76
P03_22_15 60 77 77
P03_22_16 120 78 76
P03_22_17 60 77 3
P03_22_18 120 4 88
P03_22_19 60 89 78
P03_22_20 60 79 
P03_23_0 250 0 71
P03_23_1 350 71 0
P03_23_2 150 1 1
P03_23_3 100 2 1
P03_23_4 200 2 2
P03_23_5 150 3 30
P03_23_6 50 30 31
P03_23_7 250 31 30
P03_23_8 50 30 31
P03_23_9 300 31 79
P03_23_10 50 80 80
P03_23_11 50 81 81
P03_23_12 200 82 7
P03_23_13 200 0 91
P03_23_14 200 92 82
P03_23_15 150 83 83
P03_23_16 250 84 84
P03_23_17 100 85 85
P03_23_18 150 86 86
P03_23_19 100 87 87
P03_23_20 50 88 75
P03_23_21 100 76 76
P03_23_22 150 77 3
P03_23_23 250 4 88
P03_23_24 50 89 
P03_25_0 250 80 91
P03_25_1 400 92 80
P03_25_2 100 81 81
P03_25_3 250 82 0
P03_25_4 200 1 1
P03_25_5 150 2 2
P03_25_6 100 3 7
P03_25_7 650 0 82
P03_25_8 250 83 83
P03_25_9 100 84 84
P03_25_10 50 85 85
P03_25_11 150 86 86
P03_25_12 400 87 87
P03_25_13 200 88 75
P03_25_14 650 76 76
P03_25_15 200 77 3
P03_25_16 550 4 88
P03_25_17 350 89 21
P03_25_18 50 21 5
P03_25_19 50 6 
P03_26_0 120 80 92
P03_26_1 60 93 0
P03_26_2 90 1 1
P03_26_3 90 2 2
P03_26_4 30 3 79
P03_26_5 150 80 91
P03_26_6 60 92 80
P03_26_7 30 81 81
P03_26_8 90 82 82
P03_26_9 150 83 83
P03_26_10 30 84 84
P03_26_11 30 85 85
P03_26_12 60 86 86
P03_26_13 30 87 87
P03_26_14 60 88 75
P03_26_15 30 76 3
P03_26_16 60 4 5
P03_26_17 60 6 76
P03_26_18 60 77 3
P03_26_19 30 4 19
P03_26_20 120 19 88
P03_26_21 90 89 21
P03_26_22 30 21 5
P03_26_23 30 6 40
P03_26_24 150 40 93
P03_26_25 180 94 94
P03_26_26 30 95 
P03_27_0 550 0 79
P03_27_1 50 80 80
P03_27_2 100 81 81
P03_27_3 100 82 91
P03_27_4 600 92 82
P03_27_5 250 83 83
P03_27_6 100 84 84
P03_27_7 50 85 85
P03_27_8 150 86 86
P03_27_9 200 87 87
P03_27_10 50 88 75
P03_27_11 100 76 76
P03_27_12 150 77 3
P03_27_13 150 4 19
P03_27_14 150 19 88
P03_27_15 50 89 21
P03_27_16 50 21 5
P03_27_17 50 6 40
P03_27_18 250 40 93
P03_27_19 100 94 94
P03_27_20 150 95 
P03_40_0 50 0 82
P03_40_1 150 83 95
P03_40_2 100 96 83
P03_40_3 150 84 84
P03_40_4 100 85 
P03_42_0 100 0 82
P03_42_1 400 83 83
P03_42_2 200 84 84
P03_42_3 250 85 86
P03_42_4 150 87 75
P03_42_5 50 76 76
P03_42_6 50 77 
P04_01_0 192 97 71
P04_01_1 144 71 0
P04_01_2 96 1 1
P04_01_3 143 2 2
P04_01_4 48 3 79
P04_01_5 48 80 96
P04_01_6 48 98 97
P04_01_7 96 99 98
P04_01_8 96 100 99
P04_01_9 144 101 100
P04_01_10 48 102 92
P04_01_11 96 93 101
P04_01_12 192 97 40
P04_01_13 191 40 64
P04_01_14 48 64 62
P04_01_15 192 62 102
P04_01_16 384 103 
P04_02_0 240 97 71
P04_02_1 192 71 0
P04_02_2 96 1 1
P04_02_3 191 2 2
P04_02_4 48 3 79
P04_02_5 48 80 96
P04_02_6 48 98 97
P04_02_7 96 99 98
P04_02_8 48 100 99
P04_02_9 144 101 100
P04_02_10 48 102 92
P04_02_11 192 93 101
P04_02_12 144 97 40
P04_02_13 143 40 64
P04_02_14 48 64 62
P04_02_15 192 62 102
P04_02_16 48 103 
P04_03_0 192 97 71
P04_03_1 144 71 0
P04_03_2 96 1 1
P04_03_3 144 2 2
P04_03_4 48 3 79
P04_03_5 48 80 96
P04_03_6 47 98 97
P04_03_7 48 99 98
P04_03_8 48 100 99
P04_03_9 192 101 100
P04_03_10 96 102 92
P04_03_11 144 93 101
P04_03_12 192 97 40
P04_03_13 144 40 64
P04_03_14 48 64 62
P04_03_15 191 62 102
P04_03_16 48 103 
P04_05_0 144 97 71
P04_05_1 144 71 0
P04_05_2 96 1 1
P04_05_3 143 2 2
P04_05_4 48 3 79
P04_05_5 96 80 96
P04_05_6 48 98 97
P04_05_7 48 99 98
P04_05_8 48 100 99
P04_05_9 240 101 100
P04_05_10 48 102 92
P04_05_11 48 93 101
P04_05_12 144 97 40
P04_05_13 191 40 64
P04_05_14 48 64 62
P04_05_15 288 62 102
P04_05_16 48 103 
P04_06_0 192 97 71
P04_06_1 192 71 0
P04_06_2 95 1 1
P04_06_3 144 2 2
P04_06_4 48 3 79
P04_06_5 48 80 96
P04_06_6 96 98 97
P04_06_7 48 99 98
P04_06_8 48 100 99
P04_06_9 240 101 100
P04_06_10 48 102 92
P04_06_11 144 93 101
P04_06_12 144 97 40
P04_06_13 239 40 64
P04_06_14 48 64 62
P04_06_15 48 62 103
P04_06_16 192 104 102
P04_06_17 959 103 
P04_08_0 240 97 71
P04_08_1 240 71 0
P04_08_2 144 1 1
P04_08_3 191 2 2
P04_08_4 48 3 79
P04_08_5 96 80 96
P04_08_6 48 98 97
P04_08_7 48 99 98
P04_08_8 96 100 99
P04_08_9 192 101 100
P04_08_10 96 102 92
P04_08_11 48 93 101
P04_08_12 191 97 40
P04_08_13 192 40 64
P04_08_14 48 64 62
P04_08_15 288 62 102
P04_08_16 48 103 
P04_10_0 350 71 30
P04_10_1 50 30 0
P04_10_2 150 1 1
P04_10_3 150 2 1
P04_10_4 300 2 2
P04_10_5 50 3 30
P04_10_6 100 30 31
P04_10_7 200 31 30
P04_10_8 50 30 31
P04_10_9 600 31 79
P04_10_10 100 80 91
P04_10_11 50 92 60
P04_10_12 50 60 71
P04_10_13 300 71 98
P04_10_14 100 100 99
P04_10_15 200 101 100
P04_10_16 50 102 
P04_11_0 144 71 0
P04_11_1 48 1 1
P04_11_2 239 2 2
P04_11_3 48 3 79
P04_11_4 96 80 96
P04_11_5 48 98 97
P04_11_6 96 99 98
P04_11_7 48 100 99
P04_11_8 144 101 100
P04_11_9 48 102 104
P04_11_10 96 105 92
P04_11_11 48 93 
P04_12_0 48 71 71
P04_12_1 96 71 0
P04_12_2 96 1 1
P04_12_3 143 2 2
P04_12_4 48 3 79
P04_12_5 96 80 96
P04_12_6 48 98 97
P04_12_7 144 99 98
P04_12_8 48 100 99
P04_12_9 240 101 100
P04_12_10 48 102 99
P04_12_11 48 101 92
P04_12_12 48 93 
P04_13_0 96 71 0
P04_13_1 96 1 1
P04_13_2 192 2 2
P04_13_3 48 3 79
P04_13_4 95 80 96
P04_13_5 96 98 97
P04_13_6 144 99 98
P04_13_7 48 100 99
P04_13_8 192 101 100
P04_13_9 96 102 92
P04_13_10 48 93 
P04_14_0 144 71 0
P04_14_1 96 1 1
P04_14_2 144 2 2
P04_14_3 48 3 79
P04_14_4 48 80 96
P04_14_5 95 98 97
P04_14_6 96 99 98
P04_14_7 48 100 99
P04_14_8 192 101 100
P04_14_9 96 102 92
P04_14_10 48 93 
P04_15_0 144 71 0
P04_15_1 96 1 1
P04_15_2 144 2 2
P04_15_3 47 3 79
P04_15_4 48 80 96
P04_15_5 96 98 97
P04_15_6 144 99 98
P04_15_7 48 100 99
P04_15_8 144 101 100
P04_15_9 48 102 99
P04_15_10 96 101 92
P04_15_11 48 93 
P04_18_0 96 71 0
P04_18_1 240 1 1
P04_18_2 96 2 2
P04_18_3 48 3 79
P04_18_4 48 80 96
P04_18_5 48 98 97
P04_18_6 47 99 98
P04_18_7 48 100 99
P04_18_8 192 101 100
P04_18_9 48 102 
P04_19_0 48 71 0
P04_19_1 240 1 1
P04_19_2 144 2 2
P04_19_3 48 3 79
P04_19_4 48 80 96
P04_19_5 48 98 97
P04_19_6 239 99 98
P04_19_7 48 100 99
P04_19_8 192 101 100
P04_19_9 48 102 
P04_20_0 48 71 0
P04_20_1 192 1 1
P04_20_2 192 2 2
P04_20_3 48 3 79
P04_20_4 48 80 96
P04_20_5 47 98 97
P04_20_6 240 99 98
P04_20_7 48 100 99
P04_20_8 336 101 100
P04_20_9 48 102 92
P04_20_10 48 93 
P04_21_0 96 71 0
P04_21_1 96 1 1
P04_21_2 144 2 2
P04_21_3 48 3 79
P04_21_4 48 80 96
P04_21_5 48 98 97
P04_21_6 191 99 98
P04_21_7 48 100 99
P04_21_8 96 101 100
P04_21_9 48 102 92
P04_21_10 48 93 
P04_22_0 96 71 0
P04_22_1 240 1 1
P04_22_2 143 2 98
P04_22_3 48 100 99
P04_22_4 144 101 
P04_23_0 96 71 0
P04_23_1 144 1 1
P04_23_2 144 2 2
P04_23_3 47 3 79
P04_23_4 48 80 96
P04_23_5 48 98 97
P04_23_6 96 99 98
P04_23_7 96 100 99
P04_23_8 144 101 100
P04_23_9 48 102 
P04_28_0 50 71 96
P04_28_1 150 98 97
P04_28_2 100 99 75
P04_28_3 50 76 71
P04_28_4 200 71 98
P04_28_5 250 100 71
P04_28_6 50 71 98
P04_28_7 50 100 99
P04_28_8 100 101 100
P04_28_9 100 102 
P04_29_0 50 71 98
P04_29_1 50 100 99
P04_29_2 50 101 100
P04_29_3 50 102 
P04_31_0 150 71 98
P04_31_1 50 100 99
P04_31_2 150 101 100
P04_31_3 50 102 
P04_32_0 50 98 97
P04_32_1 50 99 71
P04_32_2 200 71 98
P04_32_3 50 100 99
P04_32_4 150 101 71
P04_32_5 150 71 
P04_33_0 50 98 97
P04_33_1 150 99 71
P04_33_2 100 71 98
P04_33_3 50 100 99
P04_33_4 150 101 100
P04_33_5 50 102 
P04_34_0 300 71 96
P04_34_1 50 98 97
P04_34_2 100 99 98
P04_34_3 50 100 99
P04_34_4 300 101 100
P04_34_5 50 102 
P04_36_0 150 71 79
P04_36_1 250 80 71
P04_36_2 50 71 96
P04_36_3 50 98 97
P04_36_4 100 99 98
P04_36_5 50 100 99
P04_36_6 150 101 100
P04_36_7 50 102 
P04_37_0 600 71 96
P04_37_1 100 98 98
P04_37_2 50 100 99
P04_37_3 250 101 100
P04_37_4 50 102 
P04_40_0 100 71 96
P04_40_1 150 98 98
P04_40_2 50 100 99
P04_40_3 200 101 100
P04_40_4 50 102 
P04_41_0 50 80 71
P04_41_1 500 71 96
P04_41_2 600 98 71
P04_41_3 300 71 96
P04_41_4 50 98 97
P04_41_5 100 99 71
P04_41_6 100 71 98
P04_41_7 100 100 99
P04_41_8 50 101 100
P04_41_9 100 102 99
P04_41_10 100 101 
P04_42_0 50 98 97
P04_42_1 150 99 71
P04_42_2 150 71 98
P04_42_3 50 100 99
P04_42_4 150 101 100
P04_42_5 50 102 
P04_43_0 150 71 96
P04_43_1 50 98 97
P04_43_2 50 99 98
P04_43_3 100 100 99
P04_43_4 200 101 100
P04_43_5 50 102 
P05_01_0 50 106 105
P05_01_1 50 106 106
P05_01_2 100 107 107
P05_01_3 300 108 108
P05_01_4 250 109 109
P05_01_5 50 110 110
P05_01_6 200 111 111
P05_01_7 150 112 112
P05_01_8 50 113 112
P05_01_9 50 113 
P05_02_0 50 106 105
P05_02_1 100 106 106
P05_02_2 100 107 107
P05_02_3 300 108 108
P05_02_4 300 109 109
P05_02_5 50 110 110
P05_02_6 200 111 111
P05_02_7 150 112 112
P05_02_8 50 113 112
P05_02_9 50 113 
P05_03_0 50 106 105
P05_03_1 150 106 107
P05_03_2 350 108 108
P05_03_3 250 109 109
P05_03_4 50 110 110
P05_03_5 250 111 111
P05_03_6 150 112 112
P05_03_7 50 113 112
P05_03_8 50 113 
P05_05_0 50 106 105
P05_05_1 50 106 106
P05_05_2 100 107 107
P05_05_3 200 108 108
P05_05_4 200 109 109
P05_05_5 50 110 110
P05_05_6 350 111 111
P05_05_7 150 112 112
P05_05_8 50 113 112
P05_05_9 50 113 
P05_06_0 50 107 105
P05_06_1 50 106 107
P05_06_2 250 108 109
P05_06_3 200 110 108
P05_06_4 250 109 110
P05_06_5 350 111 111
P05_06_6 50 112 112
P05_06_7 50 113 
P05_08_0 50 106 106
P05_08_1 50 107 107
P05_08_2 100 108 109
P05_08_3 50 110 108
P05_08_4 250 109 110
P05_08_5 350 111 111
P05_08_6 50 112 112
P05_08_7 150 113 
P05_11_0 350 106 105
P05_11_1 100 106 107
P05_11_2 850 108 109
P05_11_3 50 110 108
P05_11_4 150 109 109
P05_11_5 50 110 110
P05_11_6 500 111 111
P05_11_7 100 112 112
P05_11_8 100 113 112
P05_11_9 50 113 
P05_12_0 350 106 107
P05_12_1 400 108 109
P05_12_2 50 110 108
P05_12_3 250 109 110
P05_12_4 350 111 111
P05_12_5 100 112 112
P05_12_6 50 113 
P05_13_0 350 107 107
P05_13_1 650 108 109
P05_13_2 50 110 108
P05_13_3 150 109 109
P05_13_4 100 110 110
P05_13_5 300 111 111
P05_13_6 100 112 112
P05_13_7 50 113 
P05_14_0 250 106 107
P05_14_1 400 108 108
P05_14_2 150 109 109
P05_14_3 100 110 109
P05_14_4 150 110 108
P05_14_5 150 109 110
P05_14_6 250 111 111
P05_14_7 150 112 110
P05_14_8 350 111 111
P05_14_9 150 112 
P05_15_0 200 107 106
P05_15_1 200 107 107
P05_15_2 600 108 113
P05_15_3 150 114 109
P05_15_4 100 110 108
P05_15_5 100 109 109
P05_15_6 150 110 108
P05_15_7 200 109 110
P05_15_8 300 111 111
P05_15_9 250 112 
P05_17_0 150 107 107
P05_17_1 350 108 109
P05_17_2 100 110 108
P05_17_3 300 109 110
P05_17_4 250 111 111
P05_17_5 100 112 112
P05_17_6 100 113 110
P05_17_7 200 111 111
P05_17_8 100 112 112
P05_17_9 50 113 
P05_18_0 200 106 106
P05_18_1 150 107 107
P05_18_2 750 108 108
P05_18_3 300 109 109
P05_18_4 100 110 110
P05_18_5 300 111 112
P05_18_6 600 113 111
P05_18_7 100 112 111
P05_18_8 450 112 114
P05_18_9 50 115 115
P05_18_10 150 116 112
P05_18_11 100 113 116
P05_18_12 50 117 
P05_19_0 250 106 106
P05_19_1 250 107 107
P05_19_2 550 108 108
P05_19_3 450 109 117
P05_19_4 50 118 110
P05_19_5 550 111 111
P05_19_6 500 112 115
P05_19_7 150 116 112
P05_19_8 250 113 116
P05_19_9 50 117 
P05_23_0 50 106 106
P05_23_1 200 107 107
P05_23_2 150 108 113
P05_23_3 150 114 108
P05_23_4 300 109 109
P05_23_5 150 110 110
P05_23_6 200 111 111
P05_23_7 150 112 112
P05_23_8 50 113 
P05_25_0 500 107 107
P05_25_1 350 108 108
P05_25_2 600 109 109
P05_25_3 50 110 110
P05_25_4 400 111 111
P05_25_5 100 112 116
P05_25_6 50 117 
P05_26_0 350 107 107
P05_26_1 550 108 108
P05_26_2 950 109 109
P05_26_3 50 110 110
P05_26_4 500 111 111
P05_26_5 50 112 
P05_27_0 150 107 107
P05_27_1 350 108 108
P05_27_2 200 109 109
P05_27_3 50 110 110
P05_27_4 650 111 111
P05_27_5 150 112 112
P05_27_6 50 113 109
P05_27_7 50 110 110
P05_27_8 150 111 112
P05_27_9 50 113 
P05_28_0 300 107 107
P05_28_1 250 108 108
P05_28_2 350 109 118
P05_28_3 50 119 119
P05_28_4 200 120 108
P05_28_5 250 109 
P05_29_0 250 108 108
P05_29_1 400 109 118
P05_29_2 50 119 119
P05_29_3 550 120 120
P05_29_4 50 121 
P05_30_0 1250 108 108
P05_30_1 500 109 121
P05_30_2 600 122 122
P05_30_3 150 123 109
P05_30_4 50 110 110
P05_30_5 1100 111 111
P05_30_6 50 112 
P05_31_0 250 108 108
P05_31_1 250 109 109
P05_31_2 50 110 110
P05_31_3 600 111 111
P05_31_4 50 112 
P05_33_0 600 108 108
P05_33_1 400 109 109
P05_33_2 50 110 110
P05_33_3 650 111 111
P05_33_4 50 112 
P05_34_0 350 108 108
P05_34_1 500 109 109
P05_34_2 50 110 110
P05_34_3 400 111 111
P05_34_4 50 112 
P05_35_0 350 108 108
P05_35_1 300 109 109
P05_35_2 50 110 110
P05_35_3 500 111 111
P05_35_4 50 112 
P05_36_0 250 108 109
P05_36_1 250 110 108
P05_36_2 250 109 110
P05_36_3 450 111 111
P05_36_4 50 112 
P05_37_0 500 108 108
P05_37_1 450 109 109
P05_37_2 50 110 110
P05_37_3 550 111 111
P05_37_4 50 112 
P05_39_0 50 106 106
P05_39_1 550 107 107
P05_39_2 550 108 108
P05_39_3 350 109 109
P05_39_4 50 110 110
P05_39_5 750 111 112
P05_39_6 700 113 111
P05_39_7 50 112 
P05_40_0 200 106 106
P05_40_1 450 107 107
P05_40_2 350 108 108
P05_40_3 300 109 109
P05_40_4 50 110 110
P05_40_5 400 111 111
P05_40_6 50 112 
P05_41_0 350 107 107
P05_41_1 250 108 108
P05_41_2 200 109 109
P05_41_3 150 110 110
P05_41_4 350 111 111
P05_41_5 50 112 
P05_42_0 250 108 108
P05_42_1 250 109 109
P05_42_2 50 110 110
P05_42_3 550 111 111
P05_42_4 50 112 
